10000  5  0.010000  3  101  1
19  10  19  3  1  2
7.877055E-01 6.000000E-02 1.100000E+00
6.861698E+00 1.000000E+00 2.000000E+01
2.562424E-01 1.000000E-02 9.000000E-01
4.092338E-01 1.000000E-02 1.500000E+00
2.108734E-01 1.000000E-02 1.000000E+01
8.148946E+00 1.000000E-02 1.000000E+01
8.290669E+01 1.000000E+00 1.200000E+02
8.789567E+01 1.000000E-02 1.000000E+02
1.479805E-01 1.000000E-02 1.000000E+00
1.603558E+01 1.000000E+00 2.000000E+01
-7.308565E+00 -8.000000E+00 -4.000000E+00
1.000000E-02 1.000000E-02 1.500000E-01
9.900000E-01 2.000000E-01 7.000000E-01
9.900000E-01 3.300000E-01 9.000000E-01
9.900000E-01 0.000000E+00 9.000000E-01
