   7.0400000e-01   1.2000000e-01   1.1000000e+00
   1.2975000e+01   5.0000000e-01   2.0000000e+01
   6.1750000e-01   5.0000000e-01   1.4000000e+00
   8.0000000e-01   1.0000000e-01   4.0000000e+00
   2.0675000e+00   6.5000000e-01   3.2000000e+00
   7.2500000e+01   5.0000000e+01   8.0000000e+01
   5.1750000e+01   4.0000000e+01   8.0000000e+01
   5.9999999e-02   5.9999999e-02   5.9999999e-02
   6.1250000e+00   4.2600000e+00   1.1550000e+01
   4.8612000e-06   9.7400005e-07   1.4100000e-05
   6.7650000e-02   2.8000001e-02   1.3800000e-01
   4.3710000e-01   4.0400000e-01   4.6800000e-01
   3.6310000e-01   3.1400000e-01   4.1200000e-01
   6.7650000e-02   2.8000001e-02   1.3800000e-01
