2-2006 2000 2001 2002 2003 2004 2005
2-2005 2000 2001 2002 2003 2004 2006
2-2004 2000 2001 2002 2003 2005 2006
2-2003 2000 2001 2002 2004 2005 2006
2-2002 2000 2001 2003 2004 2005 2006
2-2001 2000 2002 2003 2004 2005 2006
2-2000 2001 2002 2003 2004 2005 2006
21-2009 2010 2011 2012 2013 2014 2015 2016 2017 2018
21-2010 2009 2011 2012 2013 2014 2015 2016 2017 2018
21-2011 2009 2010 2012 2013 2014 2015 2016 2017 2018
21-2012 2009 2010 2011 2013 2014 2015 2016 2017 2018
21-2013 2009 2010 2011 2012 2014 2015 2016 2017 2018
21-2014 2009 2010 2011 2012 2013 2015 2016 2017 2018
21-2015 2009 2010 2011 2012 2013 2014 2016 2017 2018
21-2016 2009 2010 2011 2012 2013 2014 2015 2017 2018
21-2017 2009 2010 2011 2012 2013 2014 2015 2016 2018
21-2018 2009 2010 2011 2012 2013 2014 2015 2016 2017
